{"cells":[{"cell_type":"markdown","metadata":{"id":"GuPjwVAcdgGZ"},"source":["# **Dataset Balancing - Practical Exercise**\n","\n","## *Gregorio Mendoza Serrano*"]},{"cell_type":"markdown","metadata":{"id":"4rCMgEf3_Xkq"},"source":["During this exercise, we will analyze what needs to be done in highly imbalanced environments, such as credit card fraud. In this environment, the fraud detection rate can be as low as 1 in 1000. Therefore, the initial challenge is always to have a properly balanced dataset.\n","\n","Fraud detection systems rely on a set of parameters or attributes from each credit card transaction to predict whether a particular transaction is fraudulent or not.\n","\n","The goal of this exercise is to explore various techniques for oversampling or subsampling.\n","\n","As a source for this exercise, we will work with a credit card data dataset where transactions are already categorized as fraudulent or not:\n","https://www.kaggle.com/datasets/mlg-ulb/creditcardfraud?resource=download"]},{"cell_type":"markdown","metadata":{},"source":["---"]},{"cell_type":"markdown","metadata":{},"source":["**Note:** This notebook will use the proposed dataset (*credit card fraud*) to compare four different balancing techniques:\n","- Random Upsampling\n","- Random Downsampling\n","- SMOTE Resampling\n","- ADASYN Resampling\n","\n","**Note 2:** This notebook has been designed to be executed locally."]},{"cell_type":"markdown","metadata":{},"source":["---"]},{"cell_type":"markdown","metadata":{},"source":["# 0. Import of Libraries and Dataset"]},{"cell_type":"markdown","metadata":{},"source":["To begin, let's import the necessary external libraries."]},{"cell_type":"code","execution_count":28,"metadata":{},"outputs":[{"name":"stderr","output_type":"stream","text":["Matplotlib is building the font cache; this may take a moment.\n"]}],"source":["import matplotlib.pyplot as plt\n","import seaborn as sns\n","import numpy as np\n","import pandas as pd\n","import plotly.express as px\n","from sklearn.utils import resample\n","from imblearn.over_sampling import SMOTE, ADASYN"]},{"cell_type":"markdown","metadata":{},"source":["Now let's import the dataset:\n"]},{"cell_type":"code","execution_count":3,"metadata":{},"outputs":[],"source":["df = pd.read_csv('creditcard.csv')"]},{"cell_type":"markdown","metadata":{},"source":["# 1. Data Preparation and Exploratory Data Analysis"]},{"cell_type":"markdown","metadata":{},"source":["We will start by removing duplicates and null values from the dataset:"]},{"cell_type":"code","execution_count":4,"metadata":{},"outputs":[{"name":"stdout","output_type":"stream","text":["Shape of processed Pandas list = (283726, 31)\n"]}],"source":["# Remove null and duplicate records:\n","df = df.drop_duplicates().dropna()\n","\n","# Display the shape:\n","print('Shape of processed Pandas DataFrame =', df.shape)"]},{"cell_type":"markdown","metadata":{},"source":["Let's print the header to understand its structure:"]},{"cell_type":"code","execution_count":5,"metadata":{},"outputs":[{"data":{"text/html":["<div>\n","<style scoped>\n","    .dataframe tbody tr th:only-of-type {\n","        vertical-align: middle;\n","    }\n","\n","    .dataframe tbody tr th {\n","        vertical-align: top;\n","    }\n","\n","    .dataframe thead th {\n","        text-align: right;\n","    }\n","</style>\n","<table border=\"1\" class=\"dataframe\">\n","  <thead>\n","    <tr style=\"text-align: right;\">\n","      <th></th>\n","      <th>Time</th>\n","      <th>V1</th>\n","      <th>V2</th>\n","      <th>V3</th>\n","      <th>V4</th>\n","      <th>V5</th>\n","      <th>V6</th>\n","      <th>V7</th>\n","      <th>V8</th>\n","      <th>V9</th>\n","      <th>...</th>\n","      <th>V21</th>\n","      <th>V22</th>\n","      <th>V23</th>\n","      <th>V24</th>\n","      <th>V25</th>\n","      <th>V26</th>\n","      <th>V27</th>\n","      <th>V28</th>\n","      <th>Amount</th>\n","      <th>Class</th>\n","    </tr>\n","  </thead>\n","  <tbody>\n","    <tr>\n","      <th>0</th>\n","      <td>0.0</td>\n","      <td>-1.359807</td>\n","      <td>-0.072781</td>\n","      <td>2.536347</td>\n","      <td>1.378155</td>\n","      <td>-0.338321</td>\n","      <td>0.462388</td>\n","      <td>0.239599</td>\n","      <td>0.098698</td>\n","      <td>0.363787</td>\n","      <td>...</td>\n","      <td>-0.018307</td>\n","      <td>0.277838</td>\n","      <td>-0.110474</td>\n","      <td>0.066928</td>\n","      <td>0.128539</td>\n","      <td>-0.189115</td>\n","      <td>0.133558</td>\n","      <td>-0.021053</td>\n","      <td>149.62</td>\n","      <td>0</td>\n","    </tr>\n","    <tr>\n","      <th>1</th>\n","      <td>0.0</td>\n","      <td>1.191857</td>\n","      <td>0.266151</td>\n","      <td>0.166480</td>\n","      <td>0.448154</td>\n","      <td>0.060018</td>\n","      <td>-0.082361</td>\n","      <td>-0.078803</td>\n","      <td>0.085102</td>\n","      <td>-0.255425</td>\n","      <td>...</td>\n","      <td>-0.225775</td>\n","      <td>-0.638672</td>\n","      <td>0.101288</td>\n","      <td>-0.339846</td>\n","      <td>0.167170</td>\n","      <td>0.125895</td>\n","      <td>-0.008983</td>\n","      <td>0.014724</td>\n","      <td>2.69</td>\n","      <td>0</td>\n","    </tr>\n","    <tr>\n","      <th>2</th>\n","      <td>1.0</td>\n","      <td>-1.358354</td>\n","      <td>-1.340163</td>\n","      <td>1.773209</td>\n","      <td>0.379780</td>\n","      <td>-0.503198</td>\n","      <td>1.800499</td>\n","      <td>0.791461</td>\n","      <td>0.247676</td>\n","      <td>-1.514654</td>\n","      <td>...</td>\n","      <td>0.247998</td>\n","      <td>0.771679</td>\n","      <td>0.909412</td>\n","      <td>-0.689281</td>\n","      <td>-0.327642</td>\n","      <td>-0.139097</td>\n","      <td>-0.055353</td>\n","      <td>-0.059752</td>\n","      <td>378.66</td>\n","      <td>0</td>\n","    </tr>\n","    <tr>\n","      <th>3</th>\n","      <td>1.0</td>\n","      <td>-0.966272</td>\n","      <td>-0.185226</td>\n","      <td>1.792993</td>\n","      <td>-0.863291</td>\n","      <td>-0.010309</td>\n","      <td>1.247203</td>\n","      <td>0.237609</td>\n","      <td>0.377436</td>\n","      <td>-1.387024</td>\n","      <td>...</td>\n","      <td>-0.108300</td>\n","      <td>0.005274</td>\n","      <td>-0.190321</td>\n","      <td>-1.175575</td>\n","      <td>0.647376</td>\n","      <td>-0.221929</td>\n","      <td>0.062723</td>\n","      <td>0.061458</td>\n","      <td>123.50</td>\n","      <td>0</td>\n","    </tr>\n","    <tr>\n","      <th>4</th>\n","      <td>2.0</td>\n","      <td>-1.158233</td>\n","      <td>0.877737</td>\n","      <td>1.548718</td>\n","      <td>0.403034</td>\n","      <td>-0.407193</td>\n","      <td>0.095921</td>\n","      <td>0.592941</td>\n","      <td>-0.270533</td>\n","      <td>0.817739</td>\n","      <td>...</td>\n","      <td>-0.009431</td>\n","      <td>0.798278</td>\n","      <td>-0.137458</td>\n","      <td>0.141267</td>\n","      <td>-0.206010</td>\n","      <td>0.502292</td>\n","      <td>0.219422</td>\n","      <td>0.215153</td>\n","      <td>69.99</td>\n","      <td>0</td>\n","    </tr>\n","  </tbody>\n","</table>\n","<p>5 rows × 31 columns</p>\n","</div>"],"text/plain":["   Time        V1        V2        V3        V4        V5        V6        V7  \\\n","0   0.0 -1.359807 -0.072781  2.536347  1.378155 -0.338321  0.462388  0.239599   \n","1   0.0  1.191857  0.266151  0.166480  0.448154  0.060018 -0.082361 -0.078803   \n","2   1.0 -1.358354 -1.340163  1.773209  0.379780 -0.503198  1.800499  0.791461   \n","3   1.0 -0.966272 -0.185226  1.792993 -0.863291 -0.010309  1.247203  0.237609   \n","4   2.0 -1.158233  0.877737  1.548718  0.403034 -0.407193  0.095921  0.592941   \n","\n","         V8        V9  ...       V21       V22       V23       V24       V25  \\\n","0  0.098698  0.363787  ... -0.018307  0.277838 -0.110474  0.066928  0.128539   \n","1  0.085102 -0.255425  ... -0.225775 -0.638672  0.101288 -0.339846  0.167170   \n","2  0.247676 -1.514654  ...  0.247998  0.771679  0.909412 -0.689281 -0.327642   \n","3  0.377436 -1.387024  ... -0.108300  0.005274 -0.190321 -1.175575  0.647376   \n","4 -0.270533  0.817739  ... -0.009431  0.798278 -0.137458  0.141267 -0.206010   \n","\n","        V26       V27       V28  Amount  Class  \n","0 -0.189115  0.133558 -0.021053  149.62      0  \n","1  0.125895 -0.008983  0.014724    2.69      0  \n","2 -0.139097 -0.055353 -0.059752  378.66      0  \n","3 -0.221929  0.062723  0.061458  123.50      0  \n","4  0.502292  0.219422  0.215153   69.99      0  \n","\n","[5 rows x 31 columns]"]},"execution_count":5,"metadata":{},"output_type":"execute_result"}],"source":["df.head()"]},{"cell_type":"markdown","metadata":{},"source":["Let's display the description of the features:"]},{"cell_type":"code","execution_count":6,"metadata":{},"outputs":[{"data":{"text/html":["<div>\n","<style scoped>\n","    .dataframe tbody tr th:only-of-type {\n","        vertical-align: middle;\n","    }\n","\n","    .dataframe tbody tr th {\n","        vertical-align: top;\n","    }\n","\n","    .dataframe thead th {\n","        text-align: right;\n","    }\n","</style>\n","<table border=\"1\" class=\"dataframe\">\n","  <thead>\n","    <tr style=\"text-align: right;\">\n","      <th></th>\n","      <th>Time</th>\n","      <th>V1</th>\n","      <th>V2</th>\n","      <th>V3</th>\n","      <th>V4</th>\n","      <th>V5</th>\n","      <th>V6</th>\n","      <th>V7</th>\n","      <th>V8</th>\n","      <th>V9</th>\n","      <th>...</th>\n","      <th>V21</th>\n","      <th>V22</th>\n","      <th>V23</th>\n","      <th>V24</th>\n","      <th>V25</th>\n","      <th>V26</th>\n","      <th>V27</th>\n","      <th>V28</th>\n","      <th>Amount</th>\n","      <th>Class</th>\n","    </tr>\n","  </thead>\n","  <tbody>\n","    <tr>\n","      <th>count</th>\n","      <td>283726.000000</td>\n","      <td>283726.000000</td>\n","      <td>283726.000000</td>\n","      <td>283726.000000</td>\n","      <td>283726.000000</td>\n","      <td>283726.000000</td>\n","      <td>283726.000000</td>\n","      <td>283726.000000</td>\n","      <td>283726.000000</td>\n","      <td>283726.000000</td>\n","      <td>...</td>\n","      <td>283726.000000</td>\n","      <td>283726.000000</td>\n","      <td>283726.000000</td>\n","      <td>283726.000000</td>\n","      <td>283726.000000</td>\n","      <td>283726.000000</td>\n","      <td>283726.000000</td>\n","      <td>283726.000000</td>\n","      <td>283726.000000</td>\n","      <td>283726.000000</td>\n","    </tr>\n","    <tr>\n","      <th>mean</th>\n","      <td>94811.077600</td>\n","      <td>0.005917</td>\n","      <td>-0.004135</td>\n","      <td>0.001613</td>\n","      <td>-0.002966</td>\n","      <td>0.001828</td>\n","      <td>-0.001139</td>\n","      <td>0.001801</td>\n","      <td>-0.000854</td>\n","      <td>-0.001596</td>\n","      <td>...</td>\n","      <td>-0.000371</td>\n","      <td>-0.000015</td>\n","      <td>0.000198</td>\n","      <td>0.000214</td>\n","      <td>-0.000232</td>\n","      <td>0.000149</td>\n","      <td>0.001763</td>\n","      <td>0.000547</td>\n","      <td>88.472687</td>\n","      <td>0.001667</td>\n","    </tr>\n","    <tr>\n","      <th>std</th>\n","      <td>47481.047891</td>\n","      <td>1.948026</td>\n","      <td>1.646703</td>\n","      <td>1.508682</td>\n","      <td>1.414184</td>\n","      <td>1.377008</td>\n","      <td>1.331931</td>\n","      <td>1.227664</td>\n","      <td>1.179054</td>\n","      <td>1.095492</td>\n","      <td>...</td>\n","      <td>0.723909</td>\n","      <td>0.724550</td>\n","      <td>0.623702</td>\n","      <td>0.605627</td>\n","      <td>0.521220</td>\n","      <td>0.482053</td>\n","      <td>0.395744</td>\n","      <td>0.328027</td>\n","      <td>250.399437</td>\n","      <td>0.040796</td>\n","    </tr>\n","    <tr>\n","      <th>min</th>\n","      <td>0.000000</td>\n","      <td>-56.407510</td>\n","      <td>-72.715728</td>\n","      <td>-48.325589</td>\n","      <td>-5.683171</td>\n","      <td>-113.743307</td>\n","      <td>-26.160506</td>\n","      <td>-43.557242</td>\n","      <td>-73.216718</td>\n","      <td>-13.434066</td>\n","      <td>...</td>\n","      <td>-34.830382</td>\n","      <td>-10.933144</td>\n","      <td>-44.807735</td>\n","      <td>-2.836627</td>\n","      <td>-10.295397</td>\n","      <td>-2.604551</td>\n","      <td>-22.565679</td>\n","      <td>-15.430084</td>\n","      <td>0.000000</td>\n","      <td>0.000000</td>\n","    </tr>\n","    <tr>\n","      <th>25%</th>\n","      <td>54204.750000</td>\n","      <td>-0.915951</td>\n","      <td>-0.600321</td>\n","      <td>-0.889682</td>\n","      <td>-0.850134</td>\n","      <td>-0.689830</td>\n","      <td>-0.769031</td>\n","      <td>-0.552509</td>\n","      <td>-0.208828</td>\n","      <td>-0.644221</td>\n","      <td>...</td>\n","      <td>-0.228305</td>\n","      <td>-0.542700</td>\n","      <td>-0.161703</td>\n","      <td>-0.354453</td>\n","      <td>-0.317485</td>\n","      <td>-0.326763</td>\n","      <td>-0.070641</td>\n","      <td>-0.052818</td>\n","      <td>5.600000</td>\n","      <td>0.000000</td>\n","    </tr>\n","    <tr>\n","      <th>50%</th>\n","      <td>84692.500000</td>\n","      <td>0.020384</td>\n","      <td>0.063949</td>\n","      <td>0.179963</td>\n","      <td>-0.022248</td>\n","      <td>-0.053468</td>\n","      <td>-0.275168</td>\n","      <td>0.040859</td>\n","      <td>0.021898</td>\n","      <td>-0.052596</td>\n","      <td>...</td>\n","      <td>-0.029441</td>\n","      <td>0.006675</td>\n","      <td>-0.011159</td>\n","      <td>0.041016</td>\n","      <td>0.016278</td>\n","      <td>-0.052172</td>\n","      <td>0.001479</td>\n","      <td>0.011288</td>\n","      <td>22.000000</td>\n","      <td>0.000000</td>\n","    </tr>\n","    <tr>\n","      <th>75%</th>\n","      <td>139298.000000</td>\n","      <td>1.316068</td>\n","      <td>0.800283</td>\n","      <td>1.026960</td>\n","      <td>0.739647</td>\n","      <td>0.612218</td>\n","      <td>0.396792</td>\n","      <td>0.570474</td>\n","      <td>0.325704</td>\n","      <td>0.595977</td>\n","      <td>...</td>\n","      <td>0.186194</td>\n","      <td>0.528245</td>\n","      <td>0.147748</td>\n","      <td>0.439738</td>\n","      <td>0.350667</td>\n","      <td>0.240261</td>\n","      <td>0.091208</td>\n","      <td>0.078276</td>\n","      <td>77.510000</td>\n","      <td>0.000000</td>\n","    </tr>\n","    <tr>\n","      <th>max</th>\n","      <td>172792.000000</td>\n","      <td>2.454930</td>\n","      <td>22.057729</td>\n","      <td>9.382558</td>\n","      <td>16.875344</td>\n","      <td>34.801666</td>\n","      <td>73.301626</td>\n","      <td>120.589494</td>\n","      <td>20.007208</td>\n","      <td>15.594995</td>\n","      <td>...</td>\n","      <td>27.202839</td>\n","      <td>10.503090</td>\n","      <td>22.528412</td>\n","      <td>4.584549</td>\n","      <td>7.519589</td>\n","      <td>3.517346</td>\n","      <td>31.612198</td>\n","      <td>33.847808</td>\n","      <td>25691.160000</td>\n","      <td>1.000000</td>\n","    </tr>\n","  </tbody>\n","</table>\n","<p>8 rows × 31 columns</p>\n","</div>"],"text/plain":["                Time             V1             V2             V3  \\\n","count  283726.000000  283726.000000  283726.000000  283726.000000   \n","mean    94811.077600       0.005917      -0.004135       0.001613   \n","std     47481.047891       1.948026       1.646703       1.508682   \n","min         0.000000     -56.407510     -72.715728     -48.325589   \n","25%     54204.750000      -0.915951      -0.600321      -0.889682   \n","50%     84692.500000       0.020384       0.063949       0.179963   \n","75%    139298.000000       1.316068       0.800283       1.026960   \n","max    172792.000000       2.454930      22.057729       9.382558   \n","\n","                  V4             V5             V6             V7  \\\n","count  283726.000000  283726.000000  283726.000000  283726.000000   \n","mean       -0.002966       0.001828      -0.001139       0.001801   \n","std         1.414184       1.377008       1.331931       1.227664   \n","min        -5.683171    -113.743307     -26.160506     -43.557242   \n","25%        -0.850134      -0.689830      -0.769031      -0.552509   \n","50%        -0.022248      -0.053468      -0.275168       0.040859   \n","75%         0.739647       0.612218       0.396792       0.570474   \n","max        16.875344      34.801666      73.301626     120.589494   \n","\n","                  V8             V9  ...            V21            V22  \\\n","count  283726.000000  283726.000000  ...  283726.000000  283726.000000   \n","mean       -0.000854      -0.001596  ...      -0.000371      -0.000015   \n","std         1.179054       1.095492  ...       0.723909       0.724550   \n","min       -73.216718     -13.434066  ...     -34.830382     -10.933144   \n","25%        -0.208828      -0.644221  ...      -0.228305      -0.542700   \n","50%         0.021898      -0.052596  ...      -0.029441       0.006675   \n","75%         0.325704       0.595977  ...       0.186194       0.528245   \n","max        20.007208      15.594995  ...      27.202839      10.503090   \n","\n","                 V23            V24            V25            V26  \\\n","count  283726.000000  283726.000000  283726.000000  283726.000000   \n","mean        0.000198       0.000214      -0.000232       0.000149   \n","std         0.623702       0.605627       0.521220       0.482053   \n","min       -44.807735      -2.836627     -10.295397      -2.604551   \n","25%        -0.161703      -0.354453      -0.317485      -0.326763   \n","50%        -0.011159       0.041016       0.016278      -0.052172   \n","75%         0.147748       0.439738       0.350667       0.240261   \n","max        22.528412       4.584549       7.519589       3.517346   \n","\n","                 V27            V28         Amount          Class  \n","count  283726.000000  283726.000000  283726.000000  283726.000000  \n","mean        0.001763       0.000547      88.472687       0.001667  \n","std         0.395744       0.328027     250.399437       0.040796  \n","min       -22.565679     -15.430084       0.000000       0.000000  \n","25%        -0.070641      -0.052818       5.600000       0.000000  \n","50%         0.001479       0.011288      22.000000       0.000000  \n","75%         0.091208       0.078276      77.510000       0.000000  \n","max        31.612198      33.847808   25691.160000       1.000000  \n","\n","[8 rows x 31 columns]"]},"execution_count":6,"metadata":{},"output_type":"execute_result"}],"source":["df.describe()"]},{"cell_type":"markdown","metadata":{},"source":["Let's print the count of the classes in the `'Class'` column:"]},{"cell_type":"code","execution_count":7,"metadata":{},"outputs":[{"data":{"text/plain":["Class\n","0    283253\n","1       473\n","Name: count, dtype: int64"]},"execution_count":7,"metadata":{},"output_type":"execute_result"}],"source":["df.Class.value_counts()"]},{"cell_type":"markdown","metadata":{},"source":["Let's plot the confusion matrix to get an overview of correlations and collinearities:"]},{"cell_type":"code","execution_count":8,"metadata":{},"outputs":[{"data":{"application/vnd.plotly.v1+json":{"config":{"plotlyServerURL":"https://plot.ly"},"data":[{"coloraxis":"coloraxis","hovertemplate":"x: %{x}<br>y: %{y}<br>Correlación: %{z}<extra></extra>","name":"0","type":"heatmap","x":["Time","V1","V2","V3","V4","V5","V6","V7","V8","V9","V10","V11","V12","V13","V14","V15","V16","V17","V18","V19","V20","V21","V22","V23","V24","V25","V26","V27","V28","Amount","Class"],"xaxis":"x","y":["Time","V1","V2","V3","V4","V5","V6","V7","V8","V9","V10","V11","V12","V13","V14","V15","V16","V17","V18","V19","V20","V21","V22","V23","V24","V25","V26","V27","V28","Amount","Class"],"yaxis":"y","z":[[1,0.1179266030227628,-0.010555571875425785,-0.42205381041134654,-0.10584489282621046,0.17322301115212269,-0.06327933757899655,0.08533518087392702,-0.03820312615226919,-0.007861473303691071,0.031068099587314775,-0.24853595728863118,0.12550022982342351,-0.06595811110551923,-0.10031604214336735,-0.18439198554694597,0.011286429103372738,-0.07381921148674468,0.09030542537216428,0.029536703147178572,-0.05102151882103409,0.04591266340511758,0.14372725309517287,0.051474066796562745,-0.01595426684143566,-0.23326163903366473,-0.04181832491314743,-0.0051714164255086854,-0.009304983543484656,-0.010558833743212875,-0.012359339838080298],[0.1179266030227628,1,0.006874935526419426,-0.0081118121678291,0.0022573276391564083,-0.0070360157636033815,0.00041283568618039176,-0.009173080413415599,-0.0011682694376569708,0.0018280398253499636,0.0008152213891852068,0.0010280856222418626,-0.0015237428910409487,-0.0005675425908394059,-0.00266278895502623,-0.0006024774624418298,-0.00334540789384781,-0.0034909758217799023,-0.0035352301115608325,0.0009192076290548192,-0.0013928956574949967,0.0028175226840769776,-0.0014362517992120196,-0.0013304300392769047,-0.0007230448298401707,-0.00022249144197399148,-0.0006836594408822196,-0.015706191784068683,-0.0048605805640334725,-0.23010530271667712,-0.09448583378656274],[-0.010555571875425785,0.006874935526419426,1,0.00527825173761563,-0.00149526111360645,0.005209893541183653,-0.0005944498536884843,0.007424774033838251,0.0028992256555983834,-0.000273968682847043,0.0006204527334765875,-0.0006332422001300892,0.002266371812804505,0.000679634418527732,0.002711141992774252,0.0015377416324324979,0.004012757876910272,0.0032441614941839275,0.0024765547891234065,-0.0003582540758005265,-0.0012874591576682976,-0.004897164807167111,0.001237129661219597,-0.0038546637471704426,0.0007005669147255492,-0.0015691227244523094,0.0002532206861903867,0.007554740201984243,0.001611320698494387,-0.533428013926673,0.08462444869117351],[-0.42205381041134654,-0.0081118121678291,0.00527825173761563,1,0.002828781887235172,-0.006878570751309485,-0.0015114820260679885,-0.011721387696630715,-0.001814669812211177,-0.0035789211859255277,-0.009632285620257914,0.0023390024296688133,-0.005900173370574252,0.0001132795258778838,-0.00302737343478468,-0.001230119035515296,-0.004430372202953226,-0.008159065477444463,-0.003494743840183453,-0.000015795914878744604,-0.0022685010145374563,0.0034998715560879304,-0.0002747376974692431,0.0004490739775692545,-0.00007219221427316464,0.00042510378709767385,-0.0000943145501557379,-0.0070506444593044166,-0.00013416243133487275,-0.21241000931175436,-0.18232224748340453],[-0.10584489282621046,0.0022573276391564083,-0.00149526111360645,0.002828781887235172,1,0.0017442162438024282,-0.0008804138005239035,0.004656983704556169,0.0008904924205630152,0.002154399752364985,0.002752955770430743,-0.001222839153274635,0.0033657176049544124,0.0001774350252533336,0.0028006571624838304,0.0005723099873960436,0.0033463956939710497,0.003655499037334594,0.0023245465265008375,-0.0005603806335026222,0.00031814368907488375,-0.0010337817276862696,0.00011540141274068858,0.0007320910665364891,-0.00011988954340412765,0.0001616877309049471,0.0007769987555261176,0.0013219888401892698,0.0002310926109730117,0.09951433829114348,0.12932583072677128],[0.17322301115212269,-0.0070360157636033815,0.005209893541183653,-0.006878570751309485,0.0017442162438024282,1,-0.0009375118026803868,-0.008708848396817254,0.0014304921486532228,-0.0012128308740592066,-0.006049529114165079,0.0004112367277689824,-0.0023416751741034292,0.000019180768088287386,-0.001000291956111468,-0.0011706668323148725,-0.0023730942132559546,-0.004466238099767102,-0.0026854202621077166,0.0004361496264668811,-0.0011847396408664588,0.0016223474565084965,-0.0005587086089826208,0.0011832297651566195,0.00019788530702163315,0.00006905195049959112,0.0003904258882223096,-0.00579802732584942,-0.0008200771568128342,-0.3876852739120045,-0.08781244297489552],[-0.06327933757899655,0.00041283568618039176,-0.0005944498536884843,-0.0015114820260679885,-0.0008804138005239035,-0.0009375118026803868,1,0.00043631051630188685,0.003035785649002894,-0.0007338978121966336,-0.002179664927199511,-0.00021108571422985643,-0.0011851526958976475,0.0003971070847501633,0.0001835358673879833,-0.000470107100634843,0.0001222524552099763,-0.0017161730770739987,0.0005406374945166352,0.00010571146005933293,-0.00018101279201828674,-0.002133682066311286,0.0011036270673049759,-0.0007553722692057088,0.0012021488027409502,0.0006970064101565102,-0.000028038589542612846,0.0002892464950036262,0.0009246284173767372,0.21638879996015895,-0.043915409238085734],[0.08533518087392702,-0.009173080413415599,0.007424774033838251,-0.011721387696630715,0.004656983704556169,-0.008708848396817254,0.00043631051630188685,1,-0.00641931498926704,-0.004921427799508061,-0.013617071699614935,0.002454389524744143,-0.006153104318386394,-0.0001700720574197431,-0.003815507711620032,-0.0013936031389349761,-0.005944410923274911,-0.008793767370252392,-0.00427913627524687,0.0008461490012228347,-0.0011921619298240857,0.009010101012951481,-0.0022802363666433213,0.0033034839182157,-0.0003844087612464727,-0.00007247179108844831,0.000623884578430212,-0.004536866925704052,0.0016565689800311968,0.4004079784579554,-0.17234653244006812],[-0.03820312615226919,-0.0011682694376569708,0.0028992256555983834,-0.001814669812211177,0.0008904924205630152,0.0014304921486532228,0.003035785649002894,-0.00641931498926704,1,0.0010383549502201864,0.0004809097807614368,0.004687840758807665,-0.004413662707800211,-0.00138107131132359,-0.008387034001511499,0.0010441073897902722,-0.00437554441562473,-0.005575898368280805,-0.0013234694143313636,-0.0006258693317342716,0.0002714637780973605,0.018892285715434554,-0.006156169319139048,0.004993689956566703,0.00011250619728093436,0.000010623154795171527,-0.0014067841240507362,0.0006132571162989338,-0.00009929006655380315,-0.10466162183699004,0.03306802333281736],[-0.007861473303691071,0.0018280398253499636,-0.000273968682847043,-0.0035789211859255277,0.002154399752364985,-0.0012128308740592066,-0.0007338978121966336,-0.004921427799508061,0.0010383549502201864,1,-0.012612719895320526,-0.00021717644005768725,-0.0023845959897791863,0.0007450416352440461,0.001981400398180012,-0.00028299604931824197,-0.0000863526201567071,-0.0023179010260471903,-0.00037299420565077075,0.0002472655674440802,-0.001837667573194655,0.0006787735467916778,0.0007845609940343668,0.0006768839530255376,-0.00010308329057548098,-0.0002751722833421242,0.0012534989519350879,0.0082210631180808,0.005591209829211807,-0.04412250696315599,-0.09402128731255407],[0.031068099587314775,0.0008152213891852068,0.0006204527334765875,-0.009632285620257914,0.002752955770430743,-0.006049529114165079,-0.002179664927199511,-0.013617071699614935,0.0004809097807614368,-0.012612719895320526,1,0.0008441105944609582,-0.006941843021571827,0.0013787936076923712,0.00016773905551490604,-0.0022927840074276023,-0.0037153648767873325,-0.007877238876526398,-0.0024500111459483066,0.0010665177859760825,-0.004448340957551856,0.0037771149647689026,-0.0004809226296363571,0.0019166171100527668,0.00015444559587360338,-0.0005646352792900435,0.0010888767982834059,0.010769304605269562,0.009158577391667302,-0.1022549197820604,-0.20697123823505903],[-0.24853595728863118,0.0010280856222418626,-0.0006332422001300892,0.0023390024296688133,-0.001222839153274635,0.0004112367277689824,-0.00021108571422985643,0.002454389524744143,0.004687840758807665,-0.00021717644005768725,0.0008441105944609582,1,0.005568598011092186,0.0004551593007865121,0.007713499202580031,-0.0008717780913599406,0.004750958546111536,0.007353304436047845,0.0020952108165381207,-0.0004881236955308138,-0.0009890491440345608,-0.002760203439316694,-0.0001502572020376823,-0.00003669861416619262,0.00007954333062514645,0.00004720072400498326,-0.00020384739348269424,0.001986851607753208,0.002562344344397288,-0.000014745309458457545,0.14906710367009615],[0.12550022982342351,-0.0015237428910409487,0.002266371812804505,-0.005900173370574252,0.0033657176049544124,-0.0023416751741034292,-0.0011851526958976475,-0.006153104318386394,-0.004413662707800211,-0.0023845959897791863,-0.006941843021571827,0.005568598011092186,1,-0.000550053631997799,-0.010007267733039869,0.0008809023743919967,-0.007372014340777108,-0.012856437264530441,-0.0034636324576663683,0.0005929059591236318,0.0011687650346350327,0.003285266027488088,0.00015105954512132925,0.00048587195690326444,0.0005876584022505094,-0.00018074790446135757,-0.00013837785008018828,-0.0009285293662557876,-0.0006131803830766918,-0.009254234854543365,-0.25071117720572017],[-0.06595811110551923,-0.0005675425908394059,0.000679634418527732,0.0001132795258778838,0.0001774350252533336,0.000019180768088287386,0.0003971070847501633,-0.0001700720574197431,-0.00138107131132359,0.0007450416352440461,0.0013787936076923712,0.0004551593007865121,-0.000550053631997799,1,-0.0011332040038427263,0.00023412699748537842,-0.0008073010205591225,-0.0001697639811625292,-0.00015528654425752778,0.0000861803677235237,0.00037878143672678805,0.000522429117814035,0.000016456093356258318,0.0002518460684712973,-0.00004889666268313041,0.000248032089335133,-0.00010147628002586647,-0.0015771829819177252,-0.0006039263714784479,0.0052089012561848955,-0.003896955111430142],[-0.10031604214336735,-0.00266278895502623,0.002711141992774252,-0.00302737343478468,0.0028006571624838304,-0.001000291956111468,0.0001835358673879833,-0.003815507711620032,-0.008387034001511499,0.001981400398180012,0.00016773905551490604,0.007713499202580031,-0.010007267733039869,-0.0011332040038427263,1,0.0008664876035930266,-0.009073780163101713,-0.013550833900086972,-0.0044828952675463295,0.0015871864127332519,0.0027255828700044104,0.005633478985517677,-0.0019063009637494744,0.0006656972876652788,-0.00002632084157299185,0.00015538586503393827,-0.0007020277048752616,-0.004556005773713546,-0.0046642629458518515,0.03412161435159622,-0.29337538479004244],[-0.18439198554694597,-0.0006024774624418298,0.0015377416324324979,-0.001230119035515296,0.0005723099873960436,-0.0011706668323148725,-0.000470107100634843,-0.0013936031389349761,0.0010441073897902722,-0.00028299604931824197,-0.0022927840074276023,-0.0008717780913599406,0.0008809023743919967,0.00023412699748537842,0.0008664876035930266,1,-0.00028270323000670176,-0.00017359790672143779,-0.00042609714593935864,0.0005546181666845662,-0.0007540547321741072,-0.000270715999728039,-0.0011969348265726293,0.0009690519543636753,0.00011257826880787244,0.0004447776543112965,-0.0020340133952125154,-0.0006413875569910669,0.0008583620124208974,-0.0032646746452527397,-0.0032995578711372373],[0.011286429103372738,-0.00334540789384781,0.004012757876910272,-0.004430372202953226,0.0033463956939710497,-0.0023730942132559546,0.0001222524552099763,-0.005944410923274911,-0.00437554441562473,-0.0000863526201567071,-0.0037153648767873325,0.004750958546111536,-0.007372014340777108,-0.0008073010205591225,-0.009073780163101713,-0.00028270323000670176,1,-0.009062940251164447,-0.005427043024313857,0.0024317429926107737,0.0010670338155660255,0.0043264890950248614,-0.0008201712861955649,0.001208949862802246,-0.000481793663465755,0.00021493165118660282,-0.0012448302570294875,-0.003973719523256616,-0.0016287776618440569,-0.0044881721158604995,-0.18718605284536083],[-0.07381921148674468,-0.0034909758217799023,0.0032441614941839275,-0.008159065477444463,0.003655499037334594,-0.004466238099767102,-0.0017161730770739987,-0.008793767370252392,-0.005575898368280805,-0.0023179010260471903,-0.007877238876526398,0.007353304436047845,-0.012856437264530441,-0.0001697639811625292,-0.013550833900086972,-0.00017359790672143779,-0.009062940251164447,1,-0.005276652843220592,0.0009892274822335648,0.0015182392922292749,0.0035596126973395574,-0.00016210563035051688,0.000667395368792942,0.0010061384893589715,-0.0006845364870769069,0.0001568409179462451,-0.0034206019748422617,-0.002702573492757629,0.0077301947344692815,-0.3134982729556793],[0.09030542537216428,-0.0035352301115608325,0.0024765547891234065,-0.003494743840183453,0.0023245465265008375,-0.0026854202621077166,0.0005406374945166352,-0.00427913627524687,-0.0013234694143313636,-0.00037299420565077075,-0.0024500111459483066,0.0020952108165381207,-0.0034636324576663683,-0.00015528654425752778,-0.0044828952675463295,-0.00042609714593935864,-0.005427043024313857,-0.005276652843220592,1,-0.00010035952573903391,-0.0002447824836732992,0.0016289501006633567,-0.000533296139279614,0.0002401796529205121,-0.0007102011965020371,-0.000558950489103054,-0.0005962489139916716,-0.004230566682580002,-0.0012564998781779064,0.0357752370256949,-0.10533971521707305],[0.029536703147178572,0.0009192076290548192,-0.0003582540758005265,-0.000015795914878744604,-0.0005603806335026222,0.0004361496264668811,0.00010571146005933293,0.0008461490012228347,-0.0006258693317342716,0.0002472655674440802,0.0010665177859760825,-0.0004881236955308138,0.0005929059591236318,0.0000861803677235237,0.0015871864127332519,0.0005546181666845662,0.0024317429926107737,0.0009892274822335648,-0.00010035952573903391,1,-0.00026939162184398425,0.00024353286940087852,0.00134166441662352,0.0003808830997685998,-0.00011186586698434719,-0.00008428858807678778,0.0008557074186997845,-0.0005438293899230199,0.00035310699153178187,-0.05599397639928349,0.033631154442230346],[-0.05102151882103409,-0.0013928956574949967,-0.0012874591576682976,-0.0022685010145374563,0.00031814368907488375,-0.0011847396408664588,-0.00018101279201828674,-0.0011921619298240857,0.0002714637780973605,-0.001837667573194655,-0.004448340957551856,-0.0009890491440345608,0.0011687650346350327,0.00037878143672678805,0.0027255828700044104,-0.0007540547321741072,0.0010670338155660255,0.0015182392922292749,-0.0002447824836732992,-0.00026939162184398425,1,0.005372444121996675,-0.0016165580908771206,-0.0010942309832734196,-0.00030266279081047373,-0.0006432089880944813,-0.0003104050465949517,-0.0000489369633317948,0.002671098201648469,0.34072858628939995,0.02148634032100875],[0.04591266340511758,0.0028175226840769776,-0.004897164807167111,0.0034998715560879304,-0.0010337817276862696,0.0016223474565084965,-0.002133682066311286,0.009010101012951481,0.018892285715434554,0.0006787735467916778,0.0037771149647689026,-0.002760203439316694,0.003285266027488088,0.000522429117814035,0.005633478985517677,-0.000270715999728039,0.0043264890950248614,0.0035596126973395574,0.0016289501006633567,0.00024353286940087852,0.005372444121996675,1,0.009645297017555234,-0.0063911020976040855,0.0012102128937225222,-0.0008724678628704036,-0.0008738994580018577,-0.00521648778710321,-0.004436378810710145,0.10805761601439356,0.026357438897066807],[0.14372725309517287,-0.0014362517992120196,0.001237129661219597,-0.0002747376974692431,0.00011540141274068858,-0.0005587086089826208,0.0011036270673049759,-0.0022802363666433213,-0.006156169319139048,0.0007845609940343668,-0.0004809226296363571,-0.0001502572020376823,0.00015105954512132925,0.000016456093356258318,-0.0019063009637494744,-0.0011969348265726293,-0.0008201712861955649,-0.00016210563035051688,-0.000533296139279614,0.00134166441662352,-0.0016165580908771206,0.009645297017555234,1,0.001929377252585751,-0.00003143969752916494,0.00019744121024067708,-0.0014952641075571735,0.0030371549632088575,0.0013923896254467764,-0.06496476330264042,0.0048872321638307415],[0.051474066796562745,-0.0013304300392769047,-0.0038546637471704426,0.0004490739775692545,0.0007320910665364891,0.0011832297651566195,-0.0007553722692057088,0.0033034839182157,0.004993689956566703,0.0006768839530255376,0.0019166171100527668,-0.00003669861416619262,0.00048587195690326444,0.0002518460684712973,0.0006656972876652788,0.0009690519543636753,0.001208949862802246,0.000667395368792942,0.0002401796529205121,0.0003808830997685998,-0.0010942309832734196,-0.0063911020976040855,0.001929377252585751,1,0.00027270445866602614,-0.0005319791364952711,-0.00018539127457151274,-0.0020277014016940676,-0.003223704469492328,-0.1128325331082869,-0.006333210643022919],[-0.01595426684143566,-0.0007230448298401707,0.0007005669147255492,-0.00007219221427316464,-0.00011988954340412765,0.00019788530702163315,0.0012021488027409502,-0.0003844087612464727,0.00011250619728093436,-0.00010308329057548098,0.00015444559587360338,0.00007954333062514645,0.0005876584022505094,-0.00004889666268313041,-0.00002632084157299185,0.00011257826880787244,-0.000481793663465755,0.0010061384893589715,-0.0007102011965020371,-0.00011186586698434719,-0.00030266279081047373,0.0012102128937225222,-0.00003143969752916494,0.00027270445866602614,1,-0.00018806571577577004,0.000567772420451268,-0.0008847187720215867,0.00032202938151089275,0.005054927545184438,-0.007210125120706586],[-0.23326163903366473,-0.00022249144197399148,-0.0015691227244523094,0.00042510378709767385,0.0001616877309049471,0.00006905195049959112,0.0006970064101565102,-0.00007247179108844831,0.000010623154795171527,-0.0002751722833421242,-0.0005646352792900435,0.00004720072400498326,-0.00018074790446135757,0.000248032089335133,0.00015538586503393827,0.0004447776543112965,0.00021493165118660282,-0.0006845364870769069,-0.000558950489103054,-0.00008428858807678778,-0.0006432089880944813,-0.0008724678628704036,0.00019744121024067708,-0.0005319791364952711,-0.00018806571577577004,1,0.00004787741972194726,-0.0013385553529365786,-0.000565466959238189,-0.04759606039127926,0.003202493530110167],[-0.04181832491314743,-0.0006836594408822196,0.0002532206861903867,-0.0000943145501557379,0.0007769987555261176,0.0003904258882223096,-0.000028038589542612846,0.000623884578430212,-0.0014067841240507362,0.0012534989519350879,0.0010888767982834059,-0.00020384739348269424,-0.00013837785008018828,-0.00010147628002586647,-0.0007020277048752616,-0.0020340133952125154,-0.0012448302570294875,0.0001568409179462451,-0.0005962489139916716,0.0008557074186997845,-0.0003104050465949517,-0.0008738994580018577,-0.0014952641075571735,-0.00018539127457151274,0.000567772420451268,0.00004787741972194726,1,-0.003294446571853794,-0.0009989489588562428,-0.0034248459605086476,0.004264576791248341],[-0.0051714164255086854,-0.015706191784068683,0.007554740201984243,-0.0070506444593044166,0.0013219888401892698,-0.00579802732584942,0.0002892464950036262,-0.004536866925704052,0.0006132571162989338,0.0082210631180808,0.010769304605269562,0.001986851607753208,-0.0009285293662557876,-0.0015771829819177252,-0.004556005773713546,-0.0006413875569910669,-0.003973719523256616,-0.0034206019748422617,-0.004230566682580002,-0.0005438293899230199,-0.0000489369633317948,-0.00521648778710321,0.0030371549632088575,-0.0020277014016940676,-0.0008847187720215867,-0.0013385553529365786,-0.003294446571853794,1,-0.013950425887165495,0.02792172697862795,0.02189211330695945],[-0.009304983543484656,-0.0048605805640334725,0.001611320698494387,-0.00013416243133487275,0.0002310926109730117,-0.0008200771568128342,0.0009246284173767372,0.0016565689800311968,-0.00009929006655380315,0.005591209829211807,0.009158577391667302,0.002562344344397288,-0.0006131803830766918,-0.0006039263714784479,-0.0046642629458518515,0.0008583620124208974,-0.0016287776618440569,-0.002702573492757629,-0.0012564998781779064,0.00035310699153178187,0.002671098201648469,-0.004436378810710145,0.0013923896254467764,-0.003223704469492328,0.00032202938151089275,-0.000565466959238189,-0.0009989489588562428,-0.013950425887165495,1,0.010143491540533822,0.009682426330025314],[-0.010558833743212875,-0.23010530271667712,-0.533428013926673,-0.21241000931175436,0.09951433829114348,-0.3876852739120045,0.21638879996015895,0.4004079784579554,-0.10466162183699004,-0.04412250696315599,-0.1022549197820604,-0.000014745309458457545,-0.009254234854543365,0.0052089012561848955,0.03412161435159622,-0.0032646746452527397,-0.0044881721158604995,0.0077301947344692815,0.0357752370256949,-0.05599397639928349,0.34072858628939995,0.10805761601439356,-0.06496476330264042,-0.1128325331082869,0.005054927545184438,-0.04759606039127926,-0.0034248459605086476,0.02792172697862795,0.010143491540533822,1,0.005777019670480672],[-0.012359339838080298,-0.09448583378656274,0.08462444869117351,-0.18232224748340453,0.12932583072677128,-0.08781